0.5 -0.1 5.1 13.9 16.1 22.8 25.3 25.9 20.5 15.4 10.5 -0.6 
1.2 2.5 7.1 11 16.9 20.2 21.9 26.3 19.5 17.8 9.3 3.7 
2.8 5.5 7 12.2 18.3 21.5 22.7 26.4 20.8 15.6 9.1 4.4 
1.1 2 7.5 13.8 18.8 19.8 26.7 24 21.8 18.3 10.2 4.1 
1.2 5.4 7.3 13.1 19 21.6 22.8 23.3 20.2 16.4 8.4 2.1 
-0.1 2.4 4 10.1 17.4 22 25.8 26.5 20.7 14.9 9.4 2.9 
-2.8 2.5 5.5 11.7 16 22 23.4 25.3 20.2 14.8 11.2 1.5 
-0.1 0.4 5.7 13.3 17.6 20.6 25.3 25.1 20.2 15.8 7.8 -0.1 
-0.5 1.8 7.4 10.8 18.1 21.5 27 28.5 20.8 15.8 8.8 3.1 
2.3 1.3 8.3 14.1 20 20.9 26.1 23.7 20.9 15.9 10.5 1.1
