-2 -1.7 3.3 11.4 16.3 21.7 24.9 25 21.7 13.4 7.5 -3.4 
-0.8 -0.4 3.8 9.7 16.3 20.2 22.8 26 20.5 17.2 8.7 1.9 
0.2 3.2 5.8 10.1 16.4 21.3 23.3 25.3 20.8 14.6 6.5 1.6 
-2.5 -2.4 5.6 11.8 15.6 20.7 24.6 24.4 21.2 15.2 7.6 2.3 
-1.5 2.6 5.6 10.9 17.3 20.9 23.2 24.6 20.5 15.1 7.9 0.6 
-2.7 1.1 4.3 8.4 15.2 21 24.4 25.7 21.3 13.7 7 0.8 
-5.1 0.8 3.5 9.5 16.5 20.3 24.1 24.5 20.4 13 11.2 0.7 
-2.4 -2 3.7 10.3 17.8 22.5 24.9 26.2 19.8 13.9 6 -2.7 
-2.8 -0.9 3.8 8.6 16.3 22.2 25.1 26.6 20.7 14.8 6.3 0.5 
-0.8 1.5 6.4 12.2 16.9 21.9 24.5 23.6 20.6 14.4 8.2 -1.4
