-2.5 -1.9 4.1 13.2 17.7 22.7 25.3 25.1 21.8 14.7 8.6 -3.9 
-0.2 0.1 5.2 11.6 18.4 21.8 23.1 27 21.1 17.9 8.4 1.4 
0.4 4 6.1 11.4 18.1 23.2 24.2 26.5 21.5 15.1 6.7 1.8 
-1.7 -1.2 7.3 14.1 17.7 21.5 25.1 25.3 22 16.1 7.6 1.1 
-2 2.9 6 12.7 19.1 22.4 24.3 25.7 21.8 16 6.9 -1 
-4.5 1.4 4.3 9.5 17.2 23.4 25.8 26.5 21.8 14.5 6.5 -1.3 
-7.2 1.2 3.6 10.7 17.9 22 24.6 25.8 21.8 14.2 10.7 -0.9 
-2.8 -2 5.1 12.3 19.7 24.1 25.4 27.1 21 15.3 5.5 -4.1 
-3.4 -1.2 5.1 10 18.2 24.4 25.5 27.7 21.8 15.8 6.2 -0.2 
-0.7 1.9 7.9 14 18.9 23.1 26.1 25.2 22.1 15.6 9 -2.9
