-0.1 -0.8 4.2 12.8 14.4 20.6 24 25 20 15 9.8 -1.4 
0.2 1.5 6 9.5 14.4 18.4 21 25.2 19.1 17.1 8.5 2 
0.7 4.1 6.6 11.7 17.1 20.3 22.1 24.9 20.7 15.3 8.4 3.5 
0.3 1.3 7.3 13.1 16.8 18.7 25.3 23.4 20.7 16.8 9.1 3.6 
0.2 4.5 7 12.8 17.7 20.2 21.7 23.1 20 16.3 8.2 2 
-0.4 1.5 3.7 9.1 16 20.1 25 25.7 20.4 14.9 9.1 2.8 
-2.7 2.1 5.3 11.4 14.3 20.2 22.3 24.8 20.4 14.9 11 1.3 
-0.4 0.1 5.3 12.1 16.4 19.8 23.9 24.4 19.6 15.8 7.6 -0.5 
-0.8 1.3 6.3 10.3 16.9 20.4 25.6 27.4 20.3 15.7 8.4 2.7 
1.9 1 7.9 13.3 18.1 19.9 25.1 23.5 20.6 15.8 10.2 0.6
