-2.5 -1.6 4.1 12.6 17.1 22.4 25.3 25.4 22.2 14.4 8.2 -3.9 
-0.4 -0.1 5 11.3 18.2 21.7 23.6 27.5 21.3 17.6 8.4 1.2 
-0.1 3.3 6 11.1 17.8 22.6 24 26.1 21.2 14.8 6.2 1.6 
-1.6 -1.6 6.8 13.3 17.6 21.7 25.7 25.5 22.3 16 7.4 0.9 
-2.6 2.4 6.1 12 18.3 22.1 24.2 25.7 21.6 15.7 6.9 -0.7 
-4.4 1.4 4.6 9.6 17.1 23.1 26 26.9 22.2 14.4 6.4 -0.8 
-7.2 0.6 3.5 10.1 16.2 21.1 25.3 26.1 21.7 13.9 11.2 -0.4 
-2.7 -1.9 5.1 12.1 19.1 23.6 25.5 27.3 20.8 14.8 5.7 -3.9 
-3.4 -1 4.8 9.7 17.6 23.5 25.5 27.4 21.7 15.7 6.2 0 
-0.6 2.1 7.6 13.3 18.2 22.9 25.6 24.7 21.8 15.2 8.5 -2
